2.197612652 2.203064459 2.213433582 2.224465473 2.231713169 2.227586900 2.183993825 2.147990520 2.120156373 2.054662000 1.997559134 1.945536069 1.852992182 1.750771873 1.630889847 1.480633774 1.281694135 1.311371206 1.060656506 0.937443533 0.864226836 0.814700912 0.769023323 0.713151923 0.665208092 0.621963505 0.570547622 0.526633852 0.485163775 0.438216235 0.398518529 0.377870078 0.412105287 0.601479677
2.202551348 2.212279081 2.239666393 2.273724152 2.302437001 2.370424239 2.254632138 2.213754276 2.247812034 2.118471658 2.062717847 2.072231784 1.916921566 1.795566483 1.655076628 1.492031257 1.280736328 1.295428413 1.343395761 1.170746659 1.093852665 1.049271850 1.046340702 0.919961406 0.851662025 0.839272526 0.733152571 0.672440823 0.658028811 0.567770407 0.504437515 0.470623485 0.517494058 0.592162432
2.209307312 2.239345699 2.312335772 2.443649488 2.472148541 0.000000000 2.383594094 2.334955425 0.000000000 2.239987088 2.177366138 0.000000000 2.058339298 1.929229822 1.711076305 1.510308707 1.284030929 1.288332512 1.318898976 1.175274865 1.175944048 1.121246391 0.000000000 0.948725566 0.871927780 0.000000000 0.755622568 0.688268166 0.000000000 0.607036244 0.542704923 0.476470815 0.508228125 0.587285738
2.222519926 2.275755217 2.444504674 0.000000000 2.497697205 2.453612398 2.295616898 2.243258172 2.294547916 2.150962289 2.098804532 2.144484260 2.078652089 0.000000000 1.813241027 1.541208693 1.292383953 1.291086209 1.334424866 1.262642743 0.000000000 1.114077799 1.128739953 0.958925790 0.881546478 0.879222512 0.759222898 0.697643136 0.702620315 0.590212610 0.000000000 0.515065332 0.513517446 0.588096026
2.230002799 2.303249427 2.472426477 2.497633066 2.399671580 2.426951994 2.278192495 2.229553826 2.276439365 2.137309254 2.085138670 2.121997160 1.999092054 1.972955450 1.831717308 1.561333343 1.296142492 1.293611144 1.357367352 1.288097336 1.179300651 1.141161520 1.083607544 0.926529229 0.855692086 0.854879660 0.737759883 0.676733853 0.675989842 0.610615195 0.539168732 0.521727226 0.521799917 0.586336482
2.229553826 2.372220129 0.000000000 2.455151732 2.426866475 0.000000000 2.343699696 2.298332111 0.000000000 2.205287941 2.150064344 0.000000000 2.027824145 1.940030813 0.000000000 1.614151731 1.297887071 1.293251966 1.423064832 0.000000000 1.281910070 1.142395125 0.000000000 0.982853877 0.902111549 0.000000000 0.785468538 0.712649502 0.000000000 0.619735747 0.578473052 0.000000000 0.548004935 0.588722449
2.181043435 2.254054888 2.381905103 2.295958972 2.276674541 2.347163197 2.215272230 2.172598479 2.224080640 2.084174448 2.027321724 2.055241389 1.901000152 1.814008556 1.766667631 1.529832590 1.276370606 1.272601377 1.332366007 1.224896998 1.146335392 1.038133061 1.037316359 0.899366404 0.832215109 0.833942583 0.722772759 0.660558022 0.654469102 0.562029975 0.522195440 0.488695690 0.513575171 0.579364583
2.145467723 2.212065285 2.334720249 2.245909247 2.231114540 2.301004565 2.178135805 2.138369684 2.184656593 2.047206922 1.993494866 2.015723272 1.864665463 1.776305570 1.733294021 1.505647947 1.255238975 1.253800126 1.311358378 1.198341353 1.123014486 1.018128136 1.017972065 0.888505549 0.821630052 0.822327028 0.711567692 0.652720248 0.644897439 0.551414987 0.513998488 0.480556463 0.509953461 0.575343074
2.118614902 2.250527248 0.000000000 2.291276832 2.276182810 0.000000000 2.225128242 2.186773177 0.000000000 2.096593878 2.036683866 0.000000000 1.904929729 1.813636551 0.000000000 1.538420789 1.244720195 1.242887960 1.358261021 0.000000000 1.187508292 1.072699654 0.000000000 0.943656455 0.871478808 0.000000000 0.757527493 0.690279990 0.000000000 0.589697361 0.541328075 0.000000000 0.530967504 0.572099783
2.052568934 2.119991750 2.235882198 2.148118798 2.134142930 2.206998312 2.087321530 2.050837184 2.098118246 1.965945068 1.915824791 1.939346665 1.792870511 1.707206591 1.672118334 1.451181189 1.212101286 1.209619111 1.267196605 1.162451361 1.088757898 0.987403463 0.989686808 0.862852125 0.801238156 0.803607020 0.696279116 0.637472292 0.630023628 0.540761515 0.501540575 0.470867213 0.496775054 0.563302064
2.000770355 2.061928938 2.180936537 2.097551686 2.084437418 2.146044973 2.027854076 1.996550015 2.039882259 1.915258230 1.865920447 1.892016429 1.751806647 1.672336407 1.632858911 1.418572971 1.185357501 1.184784527 1.242595059 1.143126309 1.071660604 0.974498716 0.972627998 0.847986865 0.788119612 0.789710257 0.681997520 0.628606158 0.622412478 0.535245569 0.499054123 0.468128482 0.492428574 0.557850257
1.949544750 2.070532103 0.000000000 2.141533870 2.121402806 0.000000000 2.054242960 2.016527146 0.000000000 1.938985349 1.889613358 0.000000000 1.790747514 1.717477368 0.000000000 1.438458169 1.165705341 1.166289005 1.287248564 0.000000000 1.160398916 1.043601971 0.000000000 0.905307804 0.831417649 0.000000000 0.727027306 0.665958518 0.000000000 0.580461358 0.540256955 0.000000000 0.516991637 0.554074613
1.857313006 1.920432102 2.060250637 2.079545757 2.002478588 2.025318452 1.902943561 1.866852599 1.907854463 1.792030292 1.752659694 1.791848565 1.690143505 1.671506877 1.563965176 1.338472031 1.117060258 1.120562242 1.185635436 1.134424797 1.042537265 1.015177747 0.969181601 0.832828704 0.769583469 0.771851848 0.671433842 0.617877857 0.621884401 0.559930495 0.495432413 0.477460692 0.481779378 0.541212625
1.753859092 1.796180079 1.932483802 0.000000000 1.975146863 1.938996039 1.816185003 1.779572379 1.816843496 1.706543822 1.674249884 1.717126741 1.670713692 0.000000000 1.478459465 1.260724989 1.066448249 1.074884653 1.124295127 1.076122534 0.000000000 0.964499461 0.984938392 0.837560018 0.774637615 0.774009053 0.673719325 0.625155485 0.633557681 0.532205385 0.000000000 0.466704598 0.467395160 0.533028501
1.634317002 1.653821643 1.712979092 1.814709808 1.831471442 0.000000000 1.766917773 1.736922145 0.000000000 1.671795502 1.636202686 0.000000000 1.562618259 1.477176687 1.317847098 1.173810360 1.013805174 1.033284159 1.083081605 0.983082639 0.999463715 0.960480089 0.000000000 0.824606097 0.760131533 0.000000000 0.668081515 0.613197855 0.000000000 0.546322358 0.489373425 0.430513152 0.458586751 0.526819855
1.486498208 1.494483502 1.514118558 1.538700862 1.561421000 1.613533859 1.533719407 1.506539478 1.539098523 1.452076996 1.419359741 1.437812504 1.336024063 1.261965008 1.175601974 1.080988538 0.954735382 1.004842831 1.088144302 0.984654042 0.943652179 0.915903551 0.923544632 0.818810078 0.765499959 0.759958357 0.668979460 0.617974065 0.607055486 0.528203117 0.472102956 0.440403371 0.478153392 0.537947955
1.283132985 1.281508132 1.286352758 1.293307553 1.297324786 1.299950205 1.278326843 1.259309658 1.245936696 1.213747518 1.183803202 1.164967744 1.116681839 1.067583507 1.011848938 0.954141028 0.878626020 1.014797189 0.910197327 0.853620399 0.819547675 0.787384153 0.755906917 0.709624283 0.667542748 0.630878813 0.583719615 0.541385800 0.505572774 0.460540849 0.420808936 0.397152370 0.422763035 0.578004838
1.311371206 1.295428413 1.288332512 1.291086209 1.293611144 1.293251966 1.272601377 1.253800126 1.242887960 1.209619111 1.184784527 1.166289005 1.120562242 1.074884653 1.033284159 1.004842831 1.014797189 0.795506276 0.790894689 0.773079039 0.750901944 0.727399312 0.701209259 0.661592796 0.623329664 0.588081060 0.545388068 0.506697343 0.472344546 0.431346958 0.395512552 0.376234536 0.392111052 0.502934527
1.060656506 1.343395761 1.318898976 1.334424866 1.357367352 1.423064832 1.332366007 1.311358378 1.358261021 1.267196605 1.242595059 1.287248564 1.185635436 1.124295127 1.083081605 1.088144302 0.910197327 0.791987188 0.826600817 0.831103368 0.827494486 0.811868111 0.807220178 0.740071021 0.696832848 0.679925833 0.612943437 0.571830400 0.547643619 0.486166479 0.443593213 0.414414287 0.424383611 0.529451688
0.937443533 1.170746659 1.175274865 1.262642743 1.288097336 0.000000000 1.224896998 1.198341353 0.000000000 1.162451361 1.143126309 0.000000000 1.134424797 1.076122534 0.983082639 0.984654042 0.853620399 0.771426394 0.831340682 0.865697755 0.901557816 0.887545604 0.000000000 0.799867722 0.753300739 0.000000000 0.664474771 0.617967652 0.000000000 0.537330083 0.490893517 0.440677031 0.437897678 0.536156341
0.864226836 1.093852665 1.175944048 0.000000000 1.179300651 1.281910070 1.146335392 1.123014486 1.187508292 1.088757898 1.071660604 1.160398916 1.042537265 0.000000000 0.999463715 0.943652179 0.819547675 0.750523525 0.826461849 0.898222593 0.000000000 0.891199383 0.851431125 0.767466885 0.721949643 0.708146951 0.637750228 0.594080186 0.581654342 0.541535457 0.000000000 0.465648444 0.443541902 0.531696550
0.814700912 1.049271850 1.121246391 1.114077799 1.141161520 1.142395125 1.038133061 1.018128136 1.072699654 0.987403463 0.974498716 1.043601971 1.015177747 0.964499461 0.960480089 0.915903551 0.787384153 0.726601851 0.812990541 0.888928866 0.889903777 0.838936866 0.823175799 0.749839376 0.707725772 0.691693184 0.623203524 0.582013520 0.568180896 0.514165249 0.494594331 0.463388617 0.442913340 0.519501606
0.769023323 1.046340702 0.000000000 1.128739953 1.083607544 0.000000000 1.037316359 1.017972065 0.000000000 0.989686808 0.972627998 0.000000000 0.969181601 0.984938392 0.000000000 0.923544632 0.755906917 0.701138706 0.809980289 0.000000000 0.849951654 0.822570756 0.000000000 0.752590935 0.712162046 0.000000000 0.629129959 0.585348743 0.000000000 0.509763182 0.473900983 0.000000000 0.445782487 0.509476695
0.713151923 0.919961406 0.948725566 0.958925790 0.926529229 0.982853877 0.899366404 0.888505549 0.943656455 0.862852125 0.847986865 0.905307804 0.832828704 0.837560018 0.824606097 0.818810078 0.709624283 0.659080689 0.739384735 0.801821820 0.767430540 0.748637841 0.752357897 0.689724120 0.653203427 0.643236242 0.578736022 0.537443395 0.523875879 0.466076037 0.431496616 0.425875910 0.412372532 0.485257845
0.665208092 0.851662025 0.871927780 0.881546478 0.855692086 0.902111549 0.832215109 0.821630052 0.871478808 0.801238156 0.788119612 0.831417649 0.769583469 0.774637615 0.760131533 0.765499959 0.667542748 0.622215785 0.697927485 0.755539187 0.723940087 0.705547187 0.710302018 0.653472811 0.620661485 0.609308899 0.550544835 0.512369360 0.497288165 0.441626286 0.410899475 0.404697243 0.392698992 0.461673970
0.621963505 0.839272526 0.000000000 0.879222512 0.854879660 0.000000000 0.833942583 0.822327028 0.000000000 0.803607020 0.789710257 0.000000000 0.771851848 0.774009053 0.000000000 0.759958357 0.630878813 0.588147337 0.680609981 0.000000000 0.710699679 0.692242640 0.000000000 0.644352259 0.610707128 0.000000000 0.543059825 0.505938366 0.000000000 0.436292068 0.404342341 0.000000000 0.385547505 0.439481909
0.570547622 0.733152571 0.755622568 0.759222898 0.737759883 0.785468538 0.722772759 0.711567692 0.757527493 0.696279116 0.681997520 0.727027306 0.671433842 0.673719325 0.668081515 0.668979460 0.583719615 0.545591174 0.614100076 0.664119869 0.639240388 0.624287472 0.630645775 0.579755830 0.550463593 0.543004238 0.488885969 0.456525754 0.444069979 0.393443004 0.364999538 0.361258102 0.350072277 0.411083340
0.526633852 0.672440823 0.688268166 0.697643136 0.676733853 0.712649502 0.660558022 0.652720248 0.690279990 0.637472292 0.628606158 0.665958518 0.617877857 0.625155485 0.613197855 0.617974065 0.541385800 0.505435944 0.568956977 0.617865029 0.594946061 0.582090487 0.585075084 0.540186402 0.512886747 0.504664139 0.454832487 0.426243639 0.413732277 0.368850010 0.342198157 0.336160548 0.327193930 0.384288244
0.485163775 0.658028811 0.000000000 0.702620315 0.675989842 0.000000000 0.654469102 0.644897439 0.000000000 0.630023628 0.622412478 0.000000000 0.621884401 0.633557681 0.000000000 0.607055486 0.505572774 0.471904125 0.546803399 0.000000000 0.582552287 0.567909375 0.000000000 0.525158657 0.497679413 0.000000000 0.442964652 0.413022473 0.000000000 0.359470764 0.334418108 0.000000000 0.315184989 0.358906342
0.438216235 0.567770407 0.607036244 0.590212610 0.610615195 0.619735747 0.562029975 0.551414987 0.589697361 0.540761515 0.535245569 0.580461358 0.559930495 0.532205385 0.546322358 0.528203117 0.460540849 0.431058333 0.486993871 0.537588777 0.541122830 0.514329872 0.508901583 0.466439491 0.441198694 0.436240756 0.393289070 0.367964893 0.359451522 0.325265487 0.311892525 0.294483089 0.281552685 0.328359120
0.398518529 0.504437515 0.542704923 0.000000000 0.539168732 0.578473052 0.522195440 0.513998488 0.541328075 0.501540575 0.499054123 0.540256955 0.495432413 0.000000000 0.489373425 0.472102956 0.420808936 0.395392826 0.443505556 0.491496422 0.000000000 0.493478315 0.473714980 0.432129453 0.410422710 0.403339637 0.365779894 0.341156969 0.334435212 0.313628551 0.000000000 0.270172306 0.256780103 0.300820012
0.377870078 0.470623485 0.476470815 0.515065332 0.521727226 0.000000000 0.488695690 0.480556463 0.000000000 0.470867213 0.468128482 0.000000000 0.477460692 0.466704598 0.430513152 0.440403371 0.397152370 0.374650305 0.415331474 0.441412490 0.465704031 0.463074336 0.000000000 0.425929359 0.404829797 0.000000000 0.360774922 0.336812627 0.000000000 0.296554775 0.269982027 0.242883340 0.237352429 0.277142067
0.412105287 0.517494058 0.508228125 0.513517446 0.521799917 0.548004935 0.513575171 0.509953461 0.530967504 0.496775054 0.492428574 0.516991637 0.481779378 0.467395160 0.458586751 0.478153392 0.422763035 0.390396406 0.425653561 0.439975779 0.445838074 0.441284212 0.444734885 0.412785159 0.393678180 0.385767715 0.349860618 0.327397036 0.316593907 0.282621667 0.256057471 0.236379655 0.231502961 0.265494442
0.601479677 0.592162432 0.587285738 0.588096026 0.586336482 0.588722449 0.579364583 0.575343074 0.572099783 0.563302064 0.557850257 0.554074613 0.541212625 0.533028501 0.526819855 0.537947955 0.578004838 0.501510643 0.527332966 0.535093773 0.531835517 0.519501606 0.507687220 0.483515405 0.460273604 0.439862467 0.411237274 0.384328865 0.357860878 0.328622089 0.300050345 0.276584058 0.265237886 0.286292550
